Fe,C,Cr,Ni,Al,Cu,Ti,Zn,Sn,Mn,Si,V,tensile_strength,Alloy_Type
0.182,0.462,0.356,0.291,0.076,60.573,0.028,36.916,0.292,0.344,0.01,0.471,1049.2,Brass
0.104,0.089,0.09,0.149,0.257,65.091,0.143,33.464,0.069,0.143,0.179,0.223,1006.66,Brass
2.32,0.299,12.689,82.388,0.353,0.099,0.038,0.551,0.561,0.469,0.177,0.057,915.81,Nickel Alloy
0.213,0.059,0.24,0.016,5.277,0.125,88.625,0.151,0.251,0.264,0.089,4.689,997.62,Titanium Alloy
8.502,0.404,9.935,80.028,0.04,0.089,0.021,0.148,0.176,0.123,0.375,0.161,552.84,Nickel Alloy
0.258,0.067,0.381,0.035,0.469,81.256,0.094,0.003,16.387,0.336,0.347,0.367,366.64,Bronze
3.528,0.057,13.414,81.152,0.162,0.031,0.153,0.16,0.359,0.314,0.437,0.232,407.63,Nickel Alloy
90.218,0.372,2.748,3.775,0.242,0.256,0.21,0.013,0.053,0.092,1.869,0.154,757.71,Alloy Steel
0.472,0.13,0.213,0.393,1.429,0.04,91.47,0.084,0.484,0.42,0.33,4.534,1023.3,Titanium Alloy
0.097,0.465,0.281,0.421,0.467,67.496,0.057,29.615,0.223,0.426,0.448,0.003,759.67,Brass
72.583,0.036,12.267,9.175,0.516,0.177,0.284,0.386,0.199,2.129,2.109,0.138,747.52,Stainless Steel
0.148,0.14,0.018,0.301,0.248,59.974,0.137,38.117,0.118,0.071,0.242,0.487,517.85,Brass
0.347,0.393,0.123,0.376,2.278,0.326,94.274,0.277,0.046,0.431,0.165,0.963,336.7,Titanium Alloy
0.32,0.368,0.009,0.278,1.476,0.351,94.18,0.375,0.21,0.508,0.075,1.851,402.13,Titanium Alloy
93.469,1.282,0.123,0.315,0.391,0.266,0.253,0.116,0.045,1.715,1.722,0.303,605.13,Carbon Steel
87.653,0.36,4.443,4.393,0.386,0.318,0.042,0.08,0.445,1.802,0.028,0.051,897.15,Alloy Steel
65.439,0.033,16.869,12.983,0.355,0.122,0.388,0.13,0.178,1.626,1.415,0.463,891.85,Stainless Steel
6.163,0.051,9.41,81.661,0.132,0.528,0.214,0.484,0.343,0.431,0.272,0.312,743.27,Nickel Alloy
0.103,0.379,0.147,0.013,96.045,0.93,0.494,0.501,0.48,0.389,0.033,0.487,685.37,Aluminium Alloy
0.467,0.466,0.413,0.142,0.187,84.12,0.153,0.082,12.907,0.452,0.336,0.275,387.46,Bronze
72.725,0.083,11.977,10.698,0.461,0.389,0.367,0.369,0.189,0.617,1.701,0.425,1080.37,Stainless Steel
90.275,0.246,2.405,3.827,0.312,0.337,0.382,0.427,0.162,1.081,0.27,0.277,332.35,Alloy Steel
0.242,0.281,0.148,0.306,0.19,0.02,96.769,0.187,0.066,0.271,0.4,1.12,860.6,Titanium Alloy
0.042,0.025,0.259,0.263,3.724,0.353,92.269,0.251,0.157,0.388,0.131,2.137,370.61,Titanium Alloy
0.015,0.539,0.469,0.39,0.229,82.363,0.087,0.14,14.841,0.4,0.37,0.157,1159.38,Bronze
0.37,0.278,0.307,0.21,1.489,0.178,92.774,0.007,0.058,0.023,0.02,4.286,933.29,Titanium Alloy
71.342,0.028,15.856,10.348,0.092,0.231,0.212,0.327,0.338,0.097,0.796,0.333,752.82,Stainless Steel
9.617,0.369,7.443,80.179,0.36,0.015,0.329,0.528,0.323,0.218,0.362,0.257,791.06,Nickel Alloy
0.523,0.214,0.534,0.503,96.628,0.386,0.056,0.01,0.052,0.759,0.158,0.177,1060.39,Aluminium Alloy
0.012,0.416,0.144,0.06,93.89,3.211,0.448,0.376,0.41,0.288,0.362,0.383,1026.15,Aluminium Alloy
95.025,0.714,0.18,0.376,0.165,0.451,0.416,0.208,0.364,1.464,0.2,0.437,754.73,Carbon Steel
69.09,0.037,18.089,8.486,0.005,0.432,0.044,0.153,0.453,1.814,1.095,0.302,703.6,Stainless Steel
2.877,0.161,11.504,83.444,0.389,0.388,0.045,0.242,0.028,0.27,0.217,0.436,615.82,Nickel Alloy
0.065,0.078,0.42,0.341,0.056,79.029,0.386,0.04,19.104,0.389,0.045,0.046,1187.98,Bronze
3.452,0.171,12.107,82.027,0.455,0.348,0.173,0.039,0.359,0.257,0.196,0.418,400.08,Nickel Alloy
95.636,0.213,0.232,0.028,0.058,0.058,0.322,0.37,0.289,1.907,0.743,0.142,1081.74,Carbon Steel
0.116,0.498,0.006,0.501,0.023,90.707,0.273,0.512,6.308,0.286,0.501,0.271,866.46,Bronze
0.338,0.221,0.305,0.284,0.439,59.011,0.136,38.175,0.433,0.222,0.301,0.135,469.31,Brass
0.21,0.16,0.265,0.035,0.441,67.75,0.316,29.93,0.14,0.369,0.31,0.073,1119.83,Brass
69.013,0.073,16.464,10.622,0.199,0.445,0.413,0.022,0.012,0.718,1.546,0.471,435.38,Stainless Steel
93.724,0.673,0.47,0.408,0.406,0.227,0.2,0.133,0.027,1.674,1.575,0.484,1196.97,Carbon Steel
0.296,0.409,0.503,0.453,1.581,0.24,91.916,0.508,0.323,0.121,0.358,3.292,622.35,Titanium Alloy
0.059,0.346,0.268,0.397,92.819,4.385,0.284,0.288,0.451,0.415,0.276,0.014,979.62,Aluminium Alloy
92.867,0.358,1.084,0.694,0.007,0.178,0.3,0.2,0.223,2.761,1.064,0.262,1005.29,Alloy Steel
0.192,0.301,0.418,0.46,0.072,85.801,0.238,0.125,11.52,0.475,0.238,0.159,870.06,Bronze
0.124,0.039,0.066,0.066,0.94,0.071,94.273,0.094,0.178,0.462,0.244,3.443,455.09,Titanium Alloy
0.101,0.021,0.089,0.147,0.094,64.823,0.063,33.729,0.109,0.192,0.266,0.365,335.38,Brass
92.203,0.311,0.406,4.331,0.456,0.031,0.137,0.4,0.371,0.549,0.623,0.183,736.07,Alloy Steel
0.296,0.176,0.221,0.358,0.017,61.047,0.342,36.777,0.245,0.255,0.052,0.214,779.36,Brass
95.391,0.548,0.188,0.01,0.16,0.106,0.163,0.06,0.443,1.183,1.353,0.394,748.6,Carbon Steel
65.952,0.056,17.071,13.398,0.232,0.069,0.153,0.196,0.347,1.229,0.766,0.53,845.2,Stainless Steel
0.127,0.055,0.081,0.132,0.086,78.968,0.153,0.093,19.762,0.043,0.281,0.22,1184.14,Bronze
0.059,0.208,0.507,0.453,5.124,0.135,90.628,0.349,0.486,0.291,0.299,1.463,992.54,Titanium Alloy
0.103,0.178,0.234,0.28,96.236,0.632,0.336,0.159,0.32,0.17,1.059,0.293,346.64,Aluminium Alloy
3.332,0.066,5.577,88.892,0.159,0.401,0.126,0.338,0.376,0.295,0.234,0.204,613.98,Nickel Alloy
9.393,0.419,14.805,73.253,0.369,0.474,0.092,0.033,0.375,0.29,0.425,0.071,1015.74,Nickel Alloy
68.541,0.033,12.662,14.297,0.362,0.285,0.195,0.477,0.213,1.776,0.955,0.204,716.41,Stainless Steel
0.151,0.373,0.251,0.116,93.851,1.916,0.272,0.452,0.312,0.117,1.877,0.314,601.42,Aluminium Alloy
67.687,0.074,17.662,11.267,0.487,0.43,0.083,0.17,0.135,1.622,0.073,0.311,986.21,Stainless Steel
95.561,0.631,0.402,0.054,0.414,0.063,0.195,0.391,0.073,0.449,1.414,0.352,877.03,Carbon Steel
95.132,0.888,0.123,0.17,0.089,0.445,0.286,0.196,0.226,1.857,0.301,0.287,755.3,Carbon Steel
94.879,0.219,0.427,0.457,0.277,0.341,0.452,0.347,0.074,1.13,1.189,0.208,962.8,Carbon Steel
0.408,0.405,0.197,0.05,0.43,63.473,0.054,33.942,0.38,0.226,0.259,0.175,349.29,Brass
3.833,0.459,5.77,87.673,0.228,0.308,0.526,0.198,0.198,0.422,0.258,0.128,707.2,Nickel Alloy
0.082,0.103,0.293,0.246,0.537,90.853,0.341,0.372,6.111,0.39,0.105,0.566,433.8,Bronze
67.361,0.025,20.313,10.195,0.303,0.035,0.381,0.107,0.457,0.417,0.388,0.018,724.86,Stainless Steel
95.552,0.282,0.383,0.224,0.259,0.217,0.198,0.277,0.077,0.36,1.704,0.467,635.98,Carbon Steel
0.138,0.329,0.209,0.013,0.08,72.331,0.336,25.978,0.113,0.119,0.344,0.01,393.7,Brass
8.299,0.092,11.959,77.564,0.052,0.127,0.375,0.444,0.431,0.206,0.347,0.106,563.83,Nickel Alloy
0.466,0.007,0.045,0.108,0.014,65.263,0.304,32.59,0.464,0.426,0.178,0.135,641.72,Brass
0.307,0.139,0.324,0.213,3.442,0.227,91.402,0.493,0.397,0.073,0.451,2.533,1105.1,Titanium Alloy
0.412,0.219,0.011,0.138,93.137,3.262,0.133,0.072,0.43,1.014,1.083,0.089,545.08,Aluminium Alloy
71.503,0.089,13.26,12.77,0.163,0.329,0.387,0.492,0.122,0.026,0.325,0.534,1086.5,Stainless Steel
6.419,0.322,12.518,78.985,0.491,0.225,0.206,0.278,0.025,0.089,0.397,0.044,842.84,Nickel Alloy
0.126,0.2,0.147,0.182,94.382,1.521,0.29,0.244,0.34,0.959,1.5,0.11,328.06,Aluminium Alloy
0.139,0.317,0.028,0.264,0.317,69.169,0.41,28.299,0.04,0.387,0.264,0.366,691.34,Brass
0.129,0.431,0.421,0.365,1.717,0.31,93.18,0.048,0.483,0.072,0.499,2.345,466.62,Titanium Alloy
86.843,0.419,3.516,3.873,0.316,0.332,0.408,0.12,0.235,0.638,2.846,0.453,335.48,Alloy Steel
0.38,0.498,0.097,0.306,0.493,76.092,0.376,0.16,20.311,0.523,0.508,0.255,1075.84,Bronze
73.115,0.039,18.402,5.403,0.3,0.116,0.06,0.038,0.35,0.684,1.459,0.033,583.76,Stainless Steel
0.277,0.405,0.163,0.321,0.455,71.052,0.119,26.031,0.446,0.011,0.448,0.271,1145.16,Brass
0.368,0.46,0.161,0.354,0.185,61.893,0.289,35.097,0.453,0.354,0.193,0.194,963.82,Brass
2.705,0.062,9.682,85.812,0.168,0.133,0.024,0.01,0.56,0.242,0.218,0.385,496.43,Nickel Alloy
94.287,1.178,0.043,0.201,0.424,0.455,0.225,0.296,0.081,1.91,0.446,0.454,884.68,Carbon Steel
90.906,0.256,1.151,0.881,0.11,0.093,0.389,0.175,0.029,2.902,2.646,0.463,1195.42,Alloy Steel
1.738,0.198,12.576,83.88,0.077,0.408,0.112,0.112,0.268,0.296,0.29,0.046,1089.71,Nickel Alloy
63.583,0.028,18.769,14.466,0.428,0.402,0.326,0.273,0.043,0.812,0.74,0.129,951.08,Stainless Steel
0.266,0.044,0.118,0.366,91.819,4.557,0.266,0.257,0.317,0.883,0.745,0.363,809.16,Aluminium Alloy
64.92,0.074,18.231,11.751,0.431,0.44,0.359,0.425,0.354,1.379,1.255,0.381,442.74,Stainless Steel
94.635,1.292,0.015,0.4,0.062,0.163,0.361,0.078,0.396,1.613,0.984,0.003,558.33,Carbon Steel
6.459,0.514,11.85,78.733,0.332,0.283,0.408,0.055,0.399,0.284,0.504,0.179,869.36,Nickel Alloy
88.744,0.048,4.409,3.236,0.032,0.141,0.333,0.032,0.274,0.977,1.753,0.022,1084.38,Alloy Steel
94.373,1.407,0.361,0.063,0.365,0.012,0.011,0.156,0.235,1.485,1.317,0.215,546.26,Carbon Steel
92.426,0.207,2.197,0.796,0.386,0.338,0.107,0.04,0.331,1.911,0.798,0.462,435.95,Alloy Steel
0.231,0.505,0.225,0.342,95.284,1.468,0.527,0.22,0.479,0.246,0.456,0.017,886.5,Aluminium Alloy
0.192,0.451,0.247,0.505,90.654,4.533,0.405,0.402,0.44,0.794,1.307,0.069,329.27,Aluminium Alloy
90.894,0.297,3.843,2.323,0.057,0.061,0.331,0.207,0.096,1.423,0.186,0.281,542.09,Alloy Steel
0.39,0.152,0.223,0.006,0.035,64.428,0.235,33.247,0.143,0.339,0.42,0.381,335.66,Brass
96.845,0.337,0.122,0.495,0.071,0.25,0.31,0.352,0.281,0.02,0.656,0.26,379.08,Carbon Steel
94.933,0.018,0.422,2.129,0.071,0.305,0.37,0.429,0.107,0.538,0.337,0.341,935.83,Alloy Steel
0.352,0.521,6.151,90.065,0.396,0.485,0.398,0.447,0.189,0.454,0.045,0.498,792.83,Nickel Alloy
0.5,0.276,0.394,0.322,0.447,87.571,0.037,0.152,9.038,0.533,0.134,0.597,603.21,Bronze
0.094,0.408,0.34,0.257,3.44,0.372,90.122,0.514,0.503,0.336,0.103,3.512,364.98,Titanium Alloy
0.308,0.129,9.657,87.644,0.365,0.372,0.214,0.174,0.187,0.496,0.02,0.435,820.81,Nickel Alloy
0.212,0.352,0.235,0.423,0.436,64.239,0.134,32.819,0.442,0.102,0.301,0.306,959.8,Brass
1.438,0.391,15.398,80.424,0.13,0.531,0.098,0.467,0.269,0.136,0.475,0.244,763.34,Nickel Alloy
3.964,0.327,7.322,85.883,0.535,0.142,0.362,0.18,0.427,0.072,0.535,0.251,512.45,Nickel Alloy
92.645,0.092,2.808,1.821,0.447,0.232,0.134,0.334,0.381,0.541,0.544,0.019,962.76,Alloy Steel
67.157,0.046,17.704,12.534,0.281,0.417,0.099,0.054,0.13,0.109,1.019,0.449,335.41,Stainless Steel
95.045,0.785,0.465,0.157,0.253,0.021,0.074,0.491,0.481,0.01,1.898,0.319,1081.13,Carbon Steel
88.44,0.255,2.414,3.293,0.069,0.015,0.152,0.348,0.1,1.995,2.874,0.046,905.34,Alloy Steel
93.725,1.293,0.087,0.337,0.408,0.459,0.333,0.242,0.301,1.691,1.11,0.015,1137.85,Carbon Steel
6.917,0.339,7.179,83.437,0.198,0.327,0.053,0.33,0.502,0.024,0.491,0.204,1083.68,Nickel Alloy
86.924,0.266,3.457,4.114,0.189,0.154,0.313,0.378,0.357,2.241,1.224,0.383,408.19,Alloy Steel
5.89,0.003,8.92,83.65,0.214,0.376,0.21,0.242,0.129,0.202,0.123,0.04,843.1,Nickel Alloy
0.337,0.313,0.234,0.192,94.401,2.616,0.242,0.013,0.172,0.383,0.805,0.292,780.24,Aluminium Alloy
0.305,0.383,0.407,0.36,5.751,0.009,87.233,0.004,0.325,0.45,0.122,4.65,354.24,Titanium Alloy
0.512,0.193,0.056,0.266,0.14,82.979,0.169,0.441,14.346,0.171,0.334,0.392,545.36,Bronze
0.212,0.063,0.093,0.35,1.117,0.27,94.445,0.054,0.291,0.131,0.493,2.48,1025.39,Titanium Alloy
0.279,0.022,0.321,0.482,92.199,4.149,0.448,0.115,0.107,0.619,0.833,0.425,1110.02,Aluminium Alloy
69.2,0.036,18.868,8.211,0.436,0.225,0.354,0.051,0.331,0.958,1.243,0.089,963.19,Stainless Steel
0.452,0.113,0.05,0.013,0.337,86.144,0.286,0.122,11.393,0.311,0.26,0.518,422.8,Bronze
6.777,0.197,9.049,82.236,0.337,0.484,0.062,0.051,0.353,0.282,0.134,0.039,377.09,Nickel Alloy
96.429,0.443,0.16,0.112,0.175,0.035,0.257,0.034,0.395,0.461,1.066,0.434,885.79,Carbon Steel
0.261,0.159,0.164,0.329,93.335,3.253,0.274,0.359,0.229,0.059,1.106,0.471,457.77,Aluminium Alloy
91.575,0.1,2.67,0.481,0.224,0.377,0.173,0.331,0.397,2.772,0.702,0.199,437.17,Alloy Steel
0.456,0.426,0.248,0.387,0.239,63.709,0.041,33.372,0.059,0.379,0.359,0.325,332.54,Brass
0.152,0.132,0.18,0.044,5.62,0.277,88.021,0.198,0.224,0.3,0.258,4.595,747.27,Titanium Alloy
9.143,0.393,6.528,81.651,0.053,0.377,0.175,0.405,0.4,0.371,0.364,0.14,372.83,Nickel Alloy
68.565,0.031,17.597,8.784,0.507,0.332,0.427,0.069,0.447,1.916,1.011,0.315,988.33,Stainless Steel
0.095,0.274,0.217,0.08,2.408,0.037,93.1,0.074,0.526,0.3,0.527,2.361,580.63,Titanium Alloy
0.257,0.223,0.054,0.325,0.11,70.326,0.33,27.686,0.031,0.396,0.233,0.029,1195.38,Brass
0.032,0.386,0.546,0.133,95.869,0.673,0.169,0.057,0.384,0.069,1.13,0.552,1032.57,Aluminium Alloy
95.848,0.592,0.309,0.261,0.211,0.064,0.438,0.223,0.096,0.728,0.819,0.41,960.25,Carbon Steel
97.892,0.215,0.209,0.242,0.01,0.131,0.382,0.069,0.27,0.433,0.024,0.122,1178.29,Carbon Steel
8.675,0.52,10.693,78.141,0.297,0.246,0.457,0.053,0.264,0.081,0.175,0.399,728.42,Nickel Alloy
0.176,0.184,0.215,0.367,0.417,69.456,0.367,27.781,0.321,0.205,0.119,0.392,334.58,Brass
0.447,0.229,0.316,0.327,93.071,3.153,0.304,0.033,0.257,0.149,1.461,0.254,912.21,Aluminium Alloy
0.486,0.049,14.169,83.227,0.042,0.007,0.557,0.43,0.206,0.172,0.204,0.451,895.23,Nickel Alloy
95.698,0.427,0.049,0.33,0.383,0.133,0.01,0.041,0.485,0.592,1.54,0.312,643.75,Carbon Steel
0.103,0.061,0.307,0.386,0.321,80.437,0.021,0.483,16.945,0.146,0.489,0.3,824.18,Bronze
0.349,0.379,0.306,0.06,0.158,68.975,0.105,28.537,0.202,0.205,0.286,0.44,516.62,Brass
1.207,0.098,13.773,82.342,0.142,0.405,0.428,0.42,0.456,0.125,0.375,0.228,1057.8,Nickel Alloy
0.367,0.391,0.331,0.09,91.264,4.967,0.473,0.022,0.083,0.133,1.465,0.413,492.16,Aluminium Alloy
0.256,0.426,0.371,0.275,0.299,81.245,0.151,0.287,15.539,0.443,0.322,0.386,444.06,Bronze
89.699,0.005,1.234,3.635,0.496,0.05,0.201,0.4,0.102,1.667,2.201,0.308,469.22,Alloy Steel
0.186,0.41,0.289,0.003,96.785,0.185,0.39,0.106,0.501,0.385,0.683,0.077,575.04,Aluminium Alloy
0.434,0.494,0.182,0.222,4.293,0.439,90.12,0.194,0.204,0.345,0.002,3.07,619.94,Titanium Alloy
70.644,0.026,15.602,9.637,0.315,0.031,0.285,0.276,0.275,1.186,1.329,0.395,542.84,Stainless Steel
9.432,0.285,6.598,81.371,0.191,0.448,0.405,0.45,0.296,0.252,0.085,0.188,690.62,Nickel Alloy
65.571,0.035,17.088,13.212,0.534,0.499,0.343,0.226,0.34,1.68,0.253,0.219,1055.82,Stainless Steel
4.263,0.318,12.083,81.854,0.201,0.186,0.014,0.013,0.462,0.152,0.288,0.166,1146.61,Nickel Alloy
87.517,0.215,4.36,4.206,0.093,0.401,0.229,0.241,0.067,0.242,2.182,0.248,693.17,Alloy Steel
96.359,1.185,0.078,0.302,0.067,0.373,0.325,0.474,0.034,0.113,0.559,0.13,522.28,Carbon Steel
0.486,0.134,0.146,0.408,0.241,91.786,0.035,0.262,5.906,0.033,0.486,0.075,779.18,Bronze
0.207,0.175,0.453,0.011,92.215,4.847,0.282,0.471,0.026,0.422,0.523,0.367,1183.17,Aluminium Alloy
2.766,0.353,7.527,87.664,0.25,0.524,0.328,0.189,0.061,0.082,0.122,0.135,1065.55,Nickel Alloy
90.864,0.263,0.576,4.313,0.362,0.034,0.355,0.273,0.041,1.379,1.458,0.083,1151.13,Alloy Steel
8.618,0.34,9.757,79.322,0.33,0.277,0.031,0.26,0.409,0.233,0.026,0.398,481.23,Nickel Alloy
0.136,0.086,0.174,0.398,95.022,1.079,0.462,0.464,0.458,0.252,0.95,0.518,994.81,Aluminium Alloy
0.271,0.033,9.591,87.747,0.268,0.248,0.053,0.326,0.409,0.189,0.386,0.48,483.39,Nickel Alloy
0.264,0.145,0.398,0.291,3.831,0.402,89.519,0.461,0.269,0.079,0.35,3.991,585.09,Titanium Alloy
95.556,1.35,0.135,0.482,0.069,0.099,0.09,0.438,0.32,0.298,0.863,0.302,375.12,Carbon Steel
0.439,0.401,0.252,0.482,0.208,89.372,0.333,0.316,7.463,0.439,0.213,0.081,311.35,Bronze
5.184,0.244,11.293,81.314,0.037,0.339,0.087,0.397,0.38,0.25,0.329,0.145,724.05,Nickel Alloy
73.739,0.049,13.843,10.136,0.422,0.171,0.089,0.363,0.421,0.205,0.489,0.072,613.15,Stainless Steel
89.103,0.372,3.241,3.091,0.175,0.419,0.235,0.488,0.316,0.377,2.02,0.162,917.69,Alloy Steel
0.034,0.086,0.422,0.112,0.413,63.217,0.316,34.876,0.252,0.151,0.104,0.017,573.55,Brass
0.322,0.462,0.43,0.377,0.388,82.058,0.128,0.447,14.837,0.276,0.054,0.221,714.32,Bronze
0.433,0.274,0.19,0.489,0.055,78.635,0.021,0.371,18.815,0.14,0.43,0.146,1119.69,Bronze
7.211,0.384,4.954,85.361,0.347,0.145,0.397,0.135,0.417,0.054,0.337,0.258,386.88,Nickel Alloy
69.776,0.023,16.107,8.787,0.328,0.163,0.164,0.408,0.026,1.981,1.87,0.366,833.9,Stainless Steel
96.239,0.435,0.038,0.118,0.391,0.017,0.287,0.491,0.422,1.028,0.125,0.41,839.08,Carbon Steel
87.598,0.048,4.624,3.402,0.422,0.446,0.291,0.263,0.219,0.967,1.326,0.394,841.73,Alloy Steel
0.478,0.238,0.326,0.339,0.317,90.053,0.127,0.274,7.032,0.206,0.261,0.349,1155.48,Bronze
0.361,0.447,0.304,0.381,0.042,90.292,0.218,0.284,6.836,0.084,0.166,0.584,598.21,Bronze
72.987,0.035,17.487,8.475,0.112,0.28,0.003,0.004,0.119,0.079,0.234,0.183,1022.33,Stainless Steel
94.832,0.849,0.144,0.457,0.195,0.043,0.303,0.056,0.17,0.995,1.714,0.242,932.03,Carbon Steel
0.52,0.069,0.144,0.207,0.221,82.076,0.476,0.375,14.815,0.163,0.432,0.502,1039.08,Bronze
0.001,0.338,0.028,0.137,0.032,87.118,0.364,0.061,11.419,0.242,0.196,0.065,677.05,Bronze
0.372,0.036,0.04,0.175,93.533,3.312,0.336,0.179,0.294,0.01,1.26,0.453,851.32,Aluminium Alloy
0.458,0.379,0.063,0.472,0.035,71.221,0.074,26.365,0.221,0.155,0.254,0.303,339.37,Brass
0.063,0.282,0.174,0.369,92.627,4.279,0.35,0.218,0.34,0.278,0.62,0.399,701.78,Aluminium Alloy
93.94,1.224,0.414,0.442,0.207,0.153,0.281,0.179,0.29,1.361,1.328,0.18,450.17,Carbon Steel
96.957,0.388,0.448,0.174,0.078,0.013,0.325,0.32,0.171,0.144,0.825,0.157,909.41,Carbon Steel
0.312,0.188,0.112,0.509,92.289,3.547,0.072,0.25,0.014,0.521,1.987,0.198,335.1,Aluminium Alloy
0.388,0.243,8.259,88.183,0.473,0.287,0.181,0.563,0.073,0.598,0.196,0.556,842.65,Nickel Alloy
0.469,0.558,0.163,0.546,0.221,88.19,0.193,0.308,8.298,0.314,0.308,0.432,1050.28,Bronze
93.348,0.158,1.354,1.016,0.03,0.179,0.141,0.504,0.291,1.088,1.818,0.073,699.64,Alloy Steel
0.295,0.23,0.189,0.468,0.414,65.303,0.268,32.308,0.095,0.186,0.019,0.224,788.72,Brass
0.117,0.495,0.467,0.371,0.274,89.747,0.067,0.406,7.057,0.408,0.142,0.451,1149.64,Bronze
0.08,0.25,0.53,0.262,0.467,88.45,0.203,0.155,8.705,0.412,0.209,0.277,743.09,Bronze
0.254,0.381,0.431,0.179,0.364,62.841,0.252,34.592,0.088,0.048,0.375,0.193,1062.27,Brass
88.217,0.029,4.148,2.106,0.239,0.294,0.435,0.009,0.224,1.938,2.036,0.325,420.99,Alloy Steel
0.129,0.154,0.346,0.12,0.09,63.987,0.003,34.391,0.291,0.356,0.126,0.006,964.08,Brass
72.835,0.064,11.48,12.59,0.386,0.33,0.385,0.425,0.308,0.178,0.979,0.039,666.79,Stainless Steel
74.794,0.027,15.261,6.913,0.457,0.536,0.041,0.541,0.295,0.678,0.174,0.283,1015.06,Stainless Steel
0.37,0.026,0.038,0.21,0.155,77.994,0.147,0.42,19.787,0.212,0.473,0.168,728.79,Bronze
0.12,0.339,0.519,0.32,2.278,0.344,91.478,0.471,0.267,0.239,0.311,3.314,364.6,Titanium Alloy
0.347,0.123,0.363,0.418,0.409,69.514,0.265,27.63,0.395,0.138,0.252,0.145,420.45,Brass
71.075,0.024,17.897,8.368,0.0,0.262,0.024,0.141,0.361,0.128,1.718,0.002,522.14,Stainless Steel
7.949,0.17,6.458,82.834,0.145,0.452,0.168,0.423,0.479,0.233,0.488,0.203,1167.67,Nickel Alloy
93.806,1.076,0.243,0.191,0.311,0.347,0.002,0.082,0.352,1.313,1.902,0.375,1155.7,Carbon Steel
0.408,0.173,0.062,0.455,0.375,82.571,0.209,0.556,14.552,0.251,0.266,0.121,631.84,Bronze
67.961,0.024,18.327,9.503,0.426,0.441,0.11,0.341,0.245,1.825,0.447,0.351,846.98,Stainless Steel
66.399,0.029,17.021,12.765,0.163,0.332,0.204,0.368,0.103,1.834,0.593,0.19,352.28,Stainless Steel
0.062,0.287,0.149,0.466,94.87,2.111,0.188,0.011,0.069,0.461,1.099,0.225,777.84,Aluminium Alloy
0.315,0.005,0.245,0.509,3.287,0.358,93.012,0.408,0.407,0.275,0.515,0.663,315.25,Titanium Alloy
0.433,0.454,0.067,0.149,95.736,1.649,0.435,0.291,0.196,0.418,0.003,0.169,881.81,Aluminium Alloy
0.49,0.427,0.012,0.452,93.458,3.928,0.231,0.2,0.152,0.066,0.459,0.124,735.67,Aluminium Alloy
7.125,0.226,5.318,84.998,0.449,0.375,0.473,0.259,0.459,0.036,0.174,0.108,476.25,Nickel Alloy
1.434,0.317,13.049,83.071,0.074,0.413,0.324,0.198,0.343,0.132,0.176,0.467,561.45,Nickel Alloy
71.633,0.078,18.244,6.006,0.079,0.004,0.337,0.239,0.072,2.047,1.131,0.129,750.54,Stainless Steel
0.377,0.042,0.152,0.447,0.255,89.768,0.24,0.024,8.303,0.247,0.116,0.028,1059.28,Bronze
93.404,1.174,0.407,0.115,0.458,0.093,0.454,0.474,0.339,1.871,1.086,0.124,693.3,Carbon Steel
5.404,0.034,10.217,81.591,0.086,0.361,0.413,0.43,0.437,0.238,0.445,0.345,445.5,Nickel Alloy
0.242,0.366,0.126,0.326,4.073,0.082,92.309,0.393,0.254,0.006,0.005,1.818,1133.57,Titanium Alloy
0.124,0.344,0.121,0.175,0.461,91.898,0.052,0.233,5.909,0.261,0.36,0.064,560.0,Bronze
0.189,0.438,0.473,0.021,0.363,62.425,0.187,34.569,0.437,0.452,0.275,0.17,1008.79,Brass
0.13,0.29,0.184,0.337,1.483,0.099,96.847,0.052,0.26,0.113,0.02,0.185,457.7,Titanium Alloy
0.4,0.13,0.439,0.269,0.202,63.531,0.239,33.644,0.13,0.164,0.413,0.437,1103.3,Brass
0.207,0.385,0.235,0.246,0.101,80.796,0.092,0.164,17.601,0.103,0.036,0.035,1146.71,Bronze
4.726,0.191,12.223,80.854,0.155,0.324,0.36,0.305,0.071,0.408,0.252,0.131,682.71,Nickel Alloy
0.017,0.059,0.352,0.0,0.191,62.427,0.025,36.438,0.104,0.14,0.14,0.106,301.33,Brass
0.347,0.459,0.107,0.316,0.353,69.156,0.201,28.094,0.155,0.339,0.388,0.087,633.85,Brass
87.646,0.376,4.59,3.515,0.184,0.275,0.309,0.036,0.254,1.984,0.468,0.364,825.4,Alloy Steel
73.264,0.023,12.479,10.865,0.146,0.352,0.375,0.05,0.253,1.004,0.729,0.46,1044.76,Stainless Steel
68.887,0.062,14.291,13.893,0.339,0.356,0.421,0.134,0.395,0.381,0.676,0.164,1180.67,Stainless Steel
0.437,0.358,0.372,0.287,0.484,68.86,0.194,28.022,0.401,0.375,0.196,0.013,1055.1,Brass
95.072,1.115,0.485,0.219,0.117,0.352,0.409,0.273,0.484,0.103,1.01,0.359,1076.38,Carbon Steel
0.091,0.404,0.279,0.2,0.067,88.107,0.08,0.156,9.437,0.44,0.339,0.402,525.42,Bronze
0.328,0.3,0.437,0.476,0.006,87.683,0.027,0.288,9.783,0.161,0.185,0.327,600.64,Bronze
7.271,0.2,5.641,85.025,0.142,0.214,0.34,0.165,0.028,0.186,0.468,0.319,904.33,Nickel Alloy
6.197,0.097,8.999,83.318,0.05,0.136,0.135,0.212,0.48,0.033,0.254,0.088,1173.61,Nickel Alloy
96.059,0.73,0.372,0.355,0.213,0.174,0.201,0.133,0.104,0.973,0.541,0.145,891.08,Carbon Steel
0.481,0.3,0.038,0.038,0.473,64.07,0.046,33.781,0.31,0.322,0.133,0.008,1168.51,Brass
0.129,0.348,0.363,0.314,0.16,77.568,0.308,0.445,19.747,0.055,0.079,0.485,962.88,Bronze
8.354,0.096,10.289,79.489,0.322,0.193,0.008,0.275,0.12,0.213,0.453,0.189,1055.82,Nickel Alloy
90.498,0.35,5.088,0.53,0.004,0.226,0.048,0.39,0.476,1.356,0.808,0.226,951.1,Alloy Steel
0.005,0.283,0.295,0.306,0.116,80.934,0.044,0.096,17.441,0.354,0.007,0.119,492.97,Bronze
2.996,0.137,6.223,87.596,0.405,0.335,0.372,0.045,0.527,0.464,0.446,0.455,1139.44,Nickel Alloy
0.268,0.098,0.303,0.365,0.363,79.182,0.033,0.183,18.519,0.287,0.265,0.132,631.6,Bronze
69.709,0.057,16.968,9.059,0.299,0.118,0.335,0.203,0.21,1.233,1.778,0.03,1042.27,Stainless Steel
0.156,0.237,0.012,0.161,96.273,0.3,0.263,0.496,0.057,0.817,0.876,0.351,534.21,Aluminium Alloy
0.08,0.08,0.035,0.093,3.993,0.442,93.325,0.344,0.055,0.145,0.155,1.252,763.51,Titanium Alloy
0.3,0.199,0.198,0.463,0.442,85.259,0.512,0.533,11.084,0.198,0.283,0.527,1088.69,Bronze
0.052,0.199,0.281,0.255,1.179,0.435,93.042,0.425,0.435,0.379,0.223,3.095,444.33,Titanium Alloy
0.337,0.09,0.347,0.115,0.059,62.507,0.001,35.797,0.366,0.257,0.081,0.042,317.22,Brass
0.093,0.496,0.135,0.197,96.004,1.241,0.29,0.339,0.137,0.065,0.872,0.131,497.6,Aluminium Alloy
0.451,0.289,0.261,0.195,0.201,63.981,0.327,33.376,0.081,0.235,0.194,0.409,868.28,Brass
